
Directory listing of /
d---------   0    0    0             326 May 11 2005 [    261 02]  . 
d---------   0    0    0             326 May 11 2005 [    261 02]  .. 
----------   0    0    0              55 Apr 26 2005 [    834 00]  SYSTEM.CNF;1 
----------   0    0    0          122692 May 11 2005 [    835 00]  SLUS_211.99;1 
d---------   0    0    0             380 May  3 2005 [    262 02]  MOH4 
----------   0    0    0      2000000000 May 11 2005 [   3956 00]  PADME.AAA;1 

Directory listing of /MOH4/
d---------   0    0    0             380 May  3 2005 [    262 02]  . 
d---------   0    0    0             326 May 11 2005 [    261 02]  .. 
d---------   0    0    0            1062 May  3 2005 [    263 02]  DATA 
d---------   0    0    0             574 May 11 2005 [    264 02]  IOP 
----------   0    0    0          570348 Apr 26 2005 [   1391 00]  EAGLRM.O;1 
----------   0    0    0         4557348 May 11 2005 [   1670 00]  MOH4RDVD.ELF;1 
----------   0    0    0          122692 May 11 2005 [   3896 00]  STUBRDVD.ELF;1 

Directory listing of /MOH4/DATA/
d---------   0    0    0            1062 May  3 2005 [    263 02]  . 
d---------   0    0    0             380 May  3 2005 [    262 02]  .. 
d---------   0    0    0             276 May 11 2005 [    265 02]  LOADING 
d---------   0    0    0            1290 May  3 2005 [    266 02]  SHARED 
----------   0    0    0           13568 Apr 26 2005 [1160807 00]  TPRO10.SFN;1 
----------   0    0    0           15360 Apr 26 2005 [1160814 00]  TPRO10B.SFN;1 
----------   0    0    0           19456 Apr 26 2005 [1160822 00]  TPRO12.SFN;1 
----------   0    0    0           19200 Apr 26 2005 [1160832 00]  TPRO12B.SFN;1 
----------   0    0    0             200 May 11 2005 [1160842 00]  VERSION.XML;1 
----------   0    0    0           22912 Apr 26 2005 [1160843 00]  COMICFNT.SFN;1 
----------   0    0    0           29696 Apr 26 2005 [1160855 00]  DBFNT.SFN;1 
----------   0    0    0           24230 Apr 26 2005 [1160870 00]  GAME.CFG;1 
----------   0    0    0           24112 May 11 2005 [1160882 00]  GAME.XML;1 
----------   0    0    0           22912 Apr 26 2005 [1160894 00]  OBJFONT.SFN;1 
----------   0    0    0           22912 Apr 26 2005 [1160906 00]  SUBFNT.SFN;1 
d---------   0    0    0             250 May 11 2005 [    267 02]  HUD 
d---------   0    0    0             218 May 11 2005 [    268 02]  SAVEGAME 
d---------   0    0    0             930 May 11 2005 [    269 02]  2 
d---------   0    0    0             708 May 11 2005 [    270 02]  1 

Directory listing of /MOH4/IOP/
d---------   0    0    0             574 May 11 2005 [    264 02]  . 
d---------   0    0    0             380 May  3 2005 [    262 02]  .. 
----------   0    0    0          269889 Apr 26 2005 [   1122 00]  IOPRP280.IMG;1 
----------   0    0    0           28605 Apr 26 2005 [   1254 00]  LIBSD.IRX;1 
----------   0    0    0           95909 Apr 26 2005 [   1268 00]  MCMAN.IRX;1 
----------   0    0    0            7417 Apr 26 2005 [   1315 00]  MCSERV.IRX;1 
----------   0    0    0           11029 Apr 26 2005 [   1319 00]  MTAPMAN.IRX;1 
----------   0    0    0           43813 Apr 26 2005 [   1325 00]  PADMAN.IRX;1 
----------   0    0    0            6641 Apr 26 2005 [   1347 00]  SIO2MAN.IRX;1 
----------   0    0    0           81600 Apr 26 2005 [   1351 00]  SNDDRV.IRX;1 

Directory listing of /MOH4/DATA/LOADING/
d---------   0    0    0             276 May 11 2005 [    265 02]  . 
d---------   0    0    0            1062 May  3 2005 [    263 02]  .. 
----------   0    0    0           65936 Apr 26 2005 [    895 00]  CRASHMTR.SSH;1 
----------   0    0    0             736 Apr 26 2005 [    928 00]  LOADBAR.SSH;1 
----------   0    0    0          393616 Apr 26 2005 [    929 00]  START.SSH;1 

Directory listing of /MOH4/DATA/SHARED/
d---------   0    0    0            1290 May  3 2005 [    266 02]  . 
d---------   0    0    0            1062 May  3 2005 [    263 02]  .. 
d---------   0    0    0             938 May  3 2005 [    271 02]  MOVIES 
----------   0    0    0              86 Apr 26 2005 [1160918 00]  MCSRCUS.XML;1 
----------   0    0    0             777 Apr 26 2005 [1160919 00]  MCTOWBOB.XML;1 
----------   0    0    0             775 Apr 26 2005 [1160920 00]  MCTOWCUS.XML;1 
----------   0    0    0             777 Apr 26 2005 [1160921 00]  MCTOWRUS.XML;1 
----------   0    0    0          693368 May 11 2005 [1160922 00]  STRINGMP.VIV;1 
----------   0    0    0          640210 May 11 2005 [1161261 00]  STRINGS.VIV;1 
----------   0    0    0             244 Apr 26 2005 [1161574 00]  AACUS1.XML;1 
----------   0    0    0             244 Apr 26 2005 [1161575 00]  AACUS2.XML;1 
----------   0    0    0             246 Apr 26 2005 [1161576 00]  AACUS3.XML;1 
----------   0    0    0             249 Apr 26 2005 [1161577 00]  AACUS4.XML;1 
----------   0    0    0             244 Apr 26 2005 [1161578 00]  AACUS5.XML;1 
----------   0    0    0             244 Apr 26 2005 [1161579 00]  LECUS1.XML;1 
----------   0    0    0             244 Apr 26 2005 [1161580 00]  LECUS2.XML;1 
----------   0    0    0             244 Apr 26 2005 [1161581 00]  LECUS3.XML;1 
----------   0    0    0             244 Apr 26 2005 [1161582 00]  LECUS4.XML;1 
----------   0    0    0             249 Apr 26 2005 [1161583 00]  LECUS5.XML;1 
----------   0    0    0             130 Apr 26 2005 [1161584 00]  MCMEDCUS.XML;1 
----------   0    0    0             130 Apr 26 2005 [1161585 00]  MCMEDSS.XML;1 
d---------   0    0    0             146 May 11 2005 [    272 02]  UI 

Directory listing of /MOH4/DATA/HUD/
d---------   0    0    0             250 May 11 2005 [    267 02]  . 
d---------   0    0    0            1062 May  3 2005 [    263 02]  .. 
d---------   0    0    0             216 May 11 2005 [    273 02]  MP 
d---------   0    0    0             330 May 11 2005 [    274 02]  SHARED 
d---------   0    0    0             334 May 11 2005 [    275 02]  SP 

Directory listing of /MOH4/DATA/SAVEGAME/
d---------   0    0    0             218 May 11 2005 [    268 02]  . 
d---------   0    0    0            1062 May  3 2005 [    263 02]  .. 
----------   0    0    0            6428 Apr 26 2005 [1161630 00]  SAVEGAME.LOC;1 
----------   0    0    0             400 Apr 26 2005 [1161634 00]  SG_MISC.LOC;1 

Directory listing of /MOH4/DATA/2/
d---------   0    0    0             930 May 11 2005 [    269 02]  . 
d---------   0    0    0            1062 May  3 2005 [    263 02]  .. 
d---------   0    0    0             338 May 11 2005 [    276 02]  2_51 
d---------   0    0    0             338 May 11 2005 [    277 02]  2_52 
d---------   0    0    0             338 May 11 2005 [    278 02]  2_53 
d---------   0    0    0             338 May 11 2005 [    279 02]  2_54 
d---------   0    0    0             338 May 11 2005 [    280 02]  2_55 
d---------   0    0    0             338 May 11 2005 [    281 02]  2_56 
d---------   0    0    0             338 May 11 2005 [    282 02]  2_57 
d---------   0    0    0             338 May 11 2005 [    283 02]  2_58 
d---------   0    0    0             338 May 11 2005 [    284 02]  2_59 
d---------   0    0    0             338 May 11 2005 [    285 02]  2_60 
d---------   0    0    0             338 May 11 2005 [    286 02]  2_61 
d---------   0    0    0             338 May 11 2005 [    287 02]  2_62 
d---------   0    0    0             338 May 11 2005 [    288 02]  2_63 
d---------   0    0    0             338 May 11 2005 [    289 02]  2_64 
d---------   0    0    0             338 May 11 2005 [    290 02]  2_66 
d---------   0    0    0             148 May 11 2005 [    291 02]  MPAUDIO 

Directory listing of /MOH4/DATA/1/
d---------   0    0    0             708 May 11 2005 [    270 02]  . 
d---------   0    0    0            1062 May  3 2005 [    263 02]  .. 
d---------   0    0    0             390 May 11 2005 [    292 02]  1_1 
d---------   0    0    0             390 May 11 2005 [    293 02]  1_11 
d---------   0    0    0             390 May 11 2005 [    294 02]  1_15 
d---------   0    0    0             390 May 11 2005 [    295 02]  1_2 
d---------   0    0    0             390 May 11 2005 [    296 02]  1_21 
d---------   0    0    0             390 May 11 2005 [    297 02]  1_22 
d---------   0    0    0             390 May 11 2005 [    298 02]  1_24 
d---------   0    0    0             390 May 11 2005 [    299 02]  1_4 
d---------   0    0    0             390 May 11 2005 [    300 02]  1_5 
d---------   0    0    0             390 May 11 2005 [    301 02]  1_8 
d---------   0    0    0             390 May 11 2005 [    302 02]  1_9 
d---------   0    0    0             390 May 11 2005 [    303 02]  1_99 

Directory listing of /MOH4/DATA/SHARED/MOVIES/
d---------   0    0    0             938 May  3 2005 [    271 02]  . 
d---------   0    0    0            1290 May  3 2005 [    266 02]  .. 
d---------   0    0    0             654 May 11 2005 [    304 02]  LOC 
d---------   0    0    0             146 May 11 2005 [    305 02]  STF 
----------   0    0    0        56364912 Apr 16 2005 [ 980571 00]  GAMEOUTR.MPC;1 
----------   0    0    0        43259328 Apr 19 2005 [1008093 00]  NAFCINTR.MPC;1 
----------   0    0    0        14551012 Apr 16 2005 [1029216 00]  NAFMINTR.MPC;1 
----------   0    0    0        39418480 Apr 15 2005 [1036321 00]  RUSCINTR.MPC;1 
----------   0    0    0        18209668 Apr 19 2005 [1055569 00]  RUSMINTR.MPC;1 
----------   0    0    0        36948644 Apr 15 2005 [1064461 00]  STNCINTR.MPC;1 
----------   0    0    0        61276036 Apr 18 2005 [1082503 00]  STNMINTR.MPC;1 
----------   0    0    0         2426952 Apr 14 2005 [1112423 00]  THXLOGO.MPC;1 
----------   0    0    0        44527208 Apr 28 2005 [1113609 00]  ATTRLOOP.MPC;1 
----------   0    0    0        32231012 Apr 15 2005 [1135351 00]  BOBCINTR.MPC;1 
----------   0    0    0        18368628 Apr 14 2005 [1151089 00]  BOBMINTR.MPC;1 
----------   0    0    0         1531500 Apr  6 2005 [1160059 00]  EAGMLOGO.MPC;1 

Directory listing of /MOH4/DATA/SHARED/UI/
d---------   0    0    0             146 May 11 2005 [    272 02]  . 
d---------   0    0    0            1290 May  3 2005 [    266 02]  .. 
d---------   0    0    0             832 May 11 2005 [    306 02]  FE 

Directory listing of /MOH4/DATA/HUD/MP/
d---------   0    0    0             216 May 11 2005 [    273 02]  . 
d---------   0    0    0             250 May 11 2005 [    267 02]  .. 
----------   0    0    0            4791 Apr 26 2005 [1161586 00]  HUDARTMP.XML;1 
----------   0    0    0           24000 Apr 26 2005 [1161589 00]  HUDMP.XML;1 

Directory listing of /MOH4/DATA/HUD/SHARED/
d---------   0    0    0             330 May 11 2005 [    274 02]  . 
d---------   0    0    0             250 May 11 2005 [    267 02]  .. 
----------   0    0    0           12942 Apr 26 2005 [1161601 00]  HUD.XML;1 
----------   0    0    0           15484 Apr 26 2005 [1161608 00]  HUD2.XML;1 
----------   0    0    0            6970 Apr 26 2005 [1161616 00]  HUDART.XML;1 
----------   0    0    0           11790 Apr 26 2005 [1161620 00]  HUDART2.XML;1 

Directory listing of /MOH4/DATA/HUD/SP/
d---------   0    0    0             334 May 11 2005 [    275 02]  . 
d---------   0    0    0             250 May 11 2005 [    267 02]  .. 
----------   0    0    0            1304 Apr 26 2005 [1161626 00]  HUD2.XML;1 
----------   0    0    0             868 Apr 26 2005 [1161627 00]  HUDART2.XML;1 
----------   0    0    0             694 Apr 26 2005 [1161628 00]  HUDARTSP.XML;1 
----------   0    0    0            1248 Apr 26 2005 [1161629 00]  HUDSP.XML;1 

Directory listing of /MOH4/DATA/2/2_51/
d---------   0    0    0             338 May 11 2005 [    276 02]  . 
d---------   0    0    0             930 May 11 2005 [    269 02]  .. 
----------   0    0    0          874702 May 11 2005 [1161635 00]  ASYNCSTR.REZ;1 
----------   0    0    0         6928868 May 11 2005 [1162063 00]  LEVEL_A.STR;1 
----------   0    0    0          862032 May 11 2005 [1165447 00]  LOADING.VIV;1 
----------   0    0    0             510 May 11 2005 [1165868 00]  STRINGS.VIV;1 

Directory listing of /MOH4/DATA/2/2_52/
d---------   0    0    0             338 May 11 2005 [    277 02]  . 
d---------   0    0    0             930 May 11 2005 [    269 02]  .. 
----------   0    0    0          871859 May  5 2005 [1165869 00]  ASYNCSTR.REZ;1 
----------   0    0    0         6904772 May 11 2005 [1166295 00]  LEVEL_A.STR;1 
----------   0    0    0          862032 May 11 2005 [1169667 00]  LOADING.VIV;1 
----------   0    0    0             510 May 11 2005 [1170088 00]  STRINGS.VIV;1 

Directory listing of /MOH4/DATA/2/2_53/
d---------   0    0    0             338 May 11 2005 [    278 02]  . 
d---------   0    0    0             930 May 11 2005 [    269 02]  .. 
----------   0    0    0         1205749 May  2 2005 [1170089 00]  ASYNCSTR.REZ;1 
----------   0    0    0         7327220 May  2 2005 [1170678 00]  LEVEL_A.STR;1 
----------   0    0    0          862032 May 11 2005 [1174256 00]  LOADING.VIV;1 
----------   0    0    0             510 May 11 2005 [1174677 00]  STRINGS.VIV;1 

Directory listing of /MOH4/DATA/2/2_54/
d---------   0    0    0             338 May 11 2005 [    279 02]  . 
d---------   0    0    0             930 May 11 2005 [    269 02]  .. 
----------   0    0    0         1002602 May  3 2005 [1174678 00]  ASYNCSTR.REZ;1 
----------   0    0    0         7158016 May  3 2005 [1175168 00]  LEVEL_A.STR;1 
----------   0    0    0          862032 May 11 2005 [1178664 00]  LOADING.VIV;1 
----------   0    0    0             510 May 11 2005 [1179085 00]  STRINGS.VIV;1 

Directory listing of /MOH4/DATA/2/2_55/
d---------   0    0    0             338 May 11 2005 [    280 02]  . 
d---------   0    0    0             930 May 11 2005 [    269 02]  .. 
----------   0    0    0          894467 May  5 2005 [1179086 00]  ASYNCSTR.REZ;1 
----------   0    0    0         6576300 May  5 2005 [1179523 00]  LEVEL_A.STR;1 
----------   0    0    0          862032 May 11 2005 [1182735 00]  LOADING.VIV;1 
----------   0    0    0            6544 May 11 2005 [1183156 00]  STRINGS.VIV;1 

Directory listing of /MOH4/DATA/2/2_56/
d---------   0    0    0             338 May 11 2005 [    281 02]  . 
d---------   0    0    0             930 May 11 2005 [    269 02]  .. 
----------   0    0    0          739019 May  4 2005 [1183160 00]  ASYNCSTR.REZ;1 
----------   0    0    0         6715724 May  4 2005 [1183521 00]  LEVEL_A.STR;1 
----------   0    0    0          862032 May 11 2005 [1186801 00]  LOADING.VIV;1 
----------   0    0    0             510 May 11 2005 [1187222 00]  STRINGS.VIV;1 

Directory listing of /MOH4/DATA/2/2_57/
d---------   0    0    0             338 May 11 2005 [    282 02]  . 
d---------   0    0    0             930 May 11 2005 [    269 02]  .. 
----------   0    0    0         1112576 May  5 2005 [1187223 00]  ASYNCSTR.REZ;1 
----------   0    0    0         7181924 May  5 2005 [1187767 00]  LEVEL_A.STR;1 
----------   0    0    0          862032 May 11 2005 [1191274 00]  LOADING.VIV;1 
----------   0    0    0             510 May 11 2005 [1191695 00]  STRINGS.VIV;1 

Directory listing of /MOH4/DATA/2/2_58/
d---------   0    0    0             338 May 11 2005 [    283 02]  . 
d---------   0    0    0             930 May 11 2005 [    269 02]  .. 
----------   0    0    0          993071 May  5 2005 [1191696 00]  ASYNCSTR.REZ;1 
----------   0    0    0         6954404 May  5 2005 [1192181 00]  LEVEL_A.STR;1 
----------   0    0    0          862032 May 11 2005 [1195577 00]  LOADING.VIV;1 
----------   0    0    0             510 May 11 2005 [1195998 00]  STRINGS.VIV;1 

Directory listing of /MOH4/DATA/2/2_59/
d---------   0    0    0             338 May 11 2005 [    284 02]  . 
d---------   0    0    0             930 May 11 2005 [    269 02]  .. 
----------   0    0    0         1069624 May  5 2005 [1195999 00]  ASYNCSTR.REZ;1 
----------   0    0    0         6909608 May  5 2005 [1196522 00]  LEVEL_A.STR;1 
----------   0    0    0          862032 May 11 2005 [1199896 00]  LOADING.VIV;1 
----------   0    0    0             510 May 11 2005 [1200317 00]  STRINGS.VIV;1 

Directory listing of /MOH4/DATA/2/2_60/
d---------   0    0    0             338 May 11 2005 [    285 02]  . 
d---------   0    0    0             930 May 11 2005 [    269 02]  .. 
----------   0    0    0          768816 May  4 2005 [1200318 00]  ASYNCSTR.REZ;1 
----------   0    0    0         7028352 May  4 2005 [1200694 00]  LEVEL_A.STR;1 
----------   0    0    0          862032 May 11 2005 [1204126 00]  LOADING.VIV;1 
----------   0    0    0            6544 May 11 2005 [1204547 00]  STRINGS.VIV;1 

Directory listing of /MOH4/DATA/2/2_61/
d---------   0    0    0             338 May 11 2005 [    286 02]  . 
d---------   0    0    0             930 May 11 2005 [    269 02]  .. 
----------   0    0    0         1396549 May  4 2005 [1204551 00]  ASYNCSTR.REZ;1 
----------   0    0    0         7158920 May  5 2005 [1205233 00]  LEVEL_A.STR;1 
----------   0    0    0          862032 May 11 2005 [1208729 00]  LOADING.VIV;1 
----------   0    0    0             510 May 11 2005 [1209150 00]  STRINGS.VIV;1 

Directory listing of /MOH4/DATA/2/2_62/
d---------   0    0    0             338 May 11 2005 [    287 02]  . 
d---------   0    0    0             930 May 11 2005 [    269 02]  .. 
----------   0    0    0         1608416 May  3 2005 [1209151 00]  ASYNCSTR.REZ;1 
----------   0    0    0         6729224 May  3 2005 [1209937 00]  LEVEL_A.STR;1 
----------   0    0    0          862032 May 11 2005 [1213223 00]  LOADING.VIV;1 
----------   0    0    0             510 May 11 2005 [1213644 00]  STRINGS.VIV;1 

Directory listing of /MOH4/DATA/2/2_63/
d---------   0    0    0             338 May 11 2005 [    288 02]  . 
d---------   0    0    0             930 May 11 2005 [    269 02]  .. 
----------   0    0    0         1309630 May  5 2005 [1213645 00]  ASYNCSTR.REZ;1 
----------   0    0    0         6929732 May  5 2005 [1214285 00]  LEVEL_A.STR;1 
----------   0    0    0          862032 May 11 2005 [1217669 00]  LOADING.VIV;1 
----------   0    0    0             510 May 11 2005 [1218090 00]  STRINGS.VIV;1 

Directory listing of /MOH4/DATA/2/2_64/
d---------   0    0    0             338 May 11 2005 [    289 02]  . 
d---------   0    0    0             930 May 11 2005 [    269 02]  .. 
----------   0    0    0          987414 May  5 2005 [1218091 00]  ASYNCSTR.REZ;1 
----------   0    0    0         6650112 May  5 2005 [1218574 00]  LEVEL_A.STR;1 
----------   0    0    0          862032 May 11 2005 [1221822 00]  LOADING.VIV;1 
----------   0    0    0             510 May 11 2005 [1222243 00]  STRINGS.VIV;1 

Directory listing of /MOH4/DATA/2/2_66/
d---------   0    0    0             338 May 11 2005 [    290 02]  . 
d---------   0    0    0             930 May 11 2005 [    269 02]  .. 
----------   0    0    0         1193848 May  3 2005 [1222244 00]  ASYNCSTR.REZ;1 
----------   0    0    0         6846628 May 11 2005 [1222827 00]  LEVEL_A.STR;1 
----------   0    0    0          862032 May 11 2005 [1226171 00]  LOADING.VIV;1 
----------   0    0    0             510 May 11 2005 [1226592 00]  STRINGS.VIV;1 

Directory listing of /MOH4/DATA/2/MPAUDIO/
d---------   0    0    0             148 May 11 2005 [    291 02]  . 
d---------   0    0    0             930 May 11 2005 [    269 02]  .. 
d---------   0    0    0            1840 May 11 2005 [    307 02]  SOUND 

Directory listing of /MOH4/DATA/1/1_1/
d---------   0    0    0             390 May 11 2005 [    292 02]  . 
d---------   0    0    0             708 May 11 2005 [    270 02]  .. 
----------   0    0    0         1407042 May  2 2005 [1307475 00]  ASYNCSTR.REZ;1 
----------   0    0    0         7888060 May  2 2005 [1308163 00]  LEVEL_A.STR;1 
----------   0    0    0          862032 May 11 2005 [1312015 00]  LOADING.VIV;1 
d---------   0    0    0             562 May 11 2005 [    308 02]  SOUND 
----------   0    0    0          102928 May 11 2005 [1342394 00]  STRINGS.VIV;1 

Directory listing of /MOH4/DATA/1/1_11/
d---------   0    0    0             390 May 11 2005 [    293 02]  . 
d---------   0    0    0             708 May 11 2005 [    270 02]  .. 
----------   0    0    0         3679154 May  5 2005 [1342445 00]  ASYNCSTR.REZ;1 
----------   0    0    0         9419356 May  5 2005 [1344242 00]  LEVEL_A.STR;1 
----------   0    0    0          862032 May 11 2005 [1348842 00]  LOADING.VIV;1 
d---------   0    0    0             842 May 11 2005 [    309 02]  SOUND 
----------   0    0    0          173852 May 11 2005 [1378206 00]  STRINGS.VIV;1 

Directory listing of /MOH4/DATA/1/1_15/
d---------   0    0    0             390 May 11 2005 [    294 02]  . 
d---------   0    0    0             708 May 11 2005 [    270 02]  .. 
----------   0    0    0         3827064 May  5 2005 [1378291 00]  ASYNCSTR.REZ;1 
----------   0    0    0         9331368 May  5 2005 [1380160 00]  LEVEL_A.STR;1 
----------   0    0    0          862032 May 11 2005 [1384717 00]  LOADING.VIV;1 
d---------   0    0    0             842 May 11 2005 [    310 02]  SOUND 
----------   0    0    0          155720 May 11 2005 [1413632 00]  STRINGS.VIV;1 

Directory listing of /MOH4/DATA/1/1_2/
d---------   0    0    0             390 May 11 2005 [    295 02]  . 
d---------   0    0    0             708 May 11 2005 [    270 02]  .. 
----------   0    0    0         2673228 May 11 2005 [1413709 00]  ASYNCSTR.REZ;1 
----------   0    0    0         9369300 May 11 2005 [1415015 00]  LEVEL_A.STR;1 
----------   0    0    0          862032 May 11 2005 [1419590 00]  LOADING.VIV;1 
d---------   0    0    0             842 May 11 2005 [    311 02]  SOUND 
----------   0    0    0          332744 May 11 2005 [1487131 00]  STRINGS.VIV;1 

Directory listing of /MOH4/DATA/1/1_21/
d---------   0    0    0             390 May 11 2005 [    296 02]  . 
d---------   0    0    0             708 May 11 2005 [    270 02]  .. 
----------   0    0    0         3896095 May 11 2005 [1487294 00]  ASYNCSTR.REZ;1 
----------   0    0    0         9701868 May 11 2005 [1489197 00]  LEVEL_A.STR;1 
----------   0    0    0          862032 May 11 2005 [1493935 00]  LOADING.VIV;1 
d---------   0    0    0             786 May 11 2005 [    312 02]  SOUND 
----------   0    0    0          275000 May 11 2005 [1524947 00]  STRINGS.VIV;1 

Directory listing of /MOH4/DATA/1/1_22/
d---------   0    0    0             390 May 11 2005 [    297 02]  . 
d---------   0    0    0             708 May 11 2005 [    270 02]  .. 
----------   0    0    0         2791530 May  5 2005 [1525082 00]  ASYNCSTR.REZ;1 
----------   0    0    0         9931820 May  5 2005 [1526446 00]  LEVEL_A.STR;1 
----------   0    0    0          862032 May 11 2005 [1531296 00]  LOADING.VIV;1 
d---------   0    0    0             730 May 11 2005 [    313 02]  SOUND 
----------   0    0    0          138352 May 11 2005 [1565414 00]  STRINGS.VIV;1 

Directory listing of /MOH4/DATA/1/1_24/
d---------   0    0    0             390 May 11 2005 [    298 02]  . 
d---------   0    0    0             708 May 11 2005 [    270 02]  .. 
----------   0    0    0         5157572 May 11 2005 [1565482 00]  ASYNCSTR.REZ;1 
----------   0    0    0         9580608 May 11 2005 [1568001 00]  LEVEL_A.STR;1 
----------   0    0    0          862032 May 11 2005 [1572680 00]  LOADING.VIV;1 
d---------   0    0    0             730 May 11 2005 [    314 02]  SOUND 
----------   0    0    0          200200 May 11 2005 [1602733 00]  STRINGS.VIV;1 

Directory listing of /MOH4/DATA/1/1_4/
d---------   0    0    0             390 May 11 2005 [    299 02]  . 
d---------   0    0    0             708 May 11 2005 [    270 02]  .. 
----------   0    0    0         2631472 May  2 2005 [1602831 00]  ASYNCSTR.REZ;1 
----------   0    0    0         8903264 May  5 2005 [1604116 00]  LEVEL_A.STR;1 
----------   0    0    0          862032 May 11 2005 [1608464 00]  LOADING.VIV;1 
d---------   0    0    0             842 May 11 2005 [    315 02]  SOUND 
----------   0    0    0          229080 May 11 2005 [1663777 00]  STRINGS.VIV;1 

Directory listing of /MOH4/DATA/1/1_5/
d---------   0    0    0             390 May 11 2005 [    300 02]  . 
d---------   0    0    0             708 May 11 2005 [    270 02]  .. 
----------   0    0    0         2918204 May 11 2005 [1663889 00]  ASYNCSTR.REZ;1 
----------   0    0    0         8462912 May 11 2005 [1665314 00]  LEVEL_A.STR;1 
----------   0    0    0          862032 May 11 2005 [1669447 00]  LOADING.VIV;1 
d---------   0    0    0             786 May 11 2005 [    316 02]  SOUND 
----------   0    0    0          284574 May 11 2005 [1713641 00]  STRINGS.VIV;1 

Directory listing of /MOH4/DATA/1/1_8/
d---------   0    0    0             390 May 11 2005 [    301 02]  . 
d---------   0    0    0             708 May 11 2005 [    270 02]  .. 
----------   0    0    0         3245992 May  5 2005 [1713780 00]  ASYNCSTR.REZ;1 
----------   0    0    0         9486208 May  5 2005 [1715365 00]  LEVEL_A.STR;1 
----------   0    0    0          862032 May 11 2005 [1719997 00]  LOADING.VIV;1 
d---------   0    0    0             898 May 11 2005 [    317 02]  SOUND 
----------   0    0    0          191062 May 11 2005 [1782064 00]  STRINGS.VIV;1 

Directory listing of /MOH4/DATA/1/1_9/
d---------   0    0    0             390 May 11 2005 [    302 02]  . 
d---------   0    0    0             708 May 11 2005 [    270 02]  .. 
----------   0    0    0         3186313 May 11 2005 [1782158 00]  ASYNCSTR.REZ;1 
----------   0    0    0         9022472 May 11 2005 [1783714 00]  LEVEL_A.STR;1 
----------   0    0    0          862032 May 11 2005 [1788120 00]  LOADING.VIV;1 
d---------   0    0    0             670 May 11 2005 [    318 02]  SOUND 
----------   0    0    0          158722 May 11 2005 [1819749 00]  STRINGS.VIV;1 

Directory listing of /MOH4/DATA/1/1_99/
d---------   0    0    0             390 May 11 2005 [    303 02]  . 
d---------   0    0    0             708 May 11 2005 [    270 02]  .. 
----------   0    0    0           70273 May  5 2005 [1819827 00]  ASYNCSTR.REZ;1 
----------   0    0    0         1082252 May  5 2005 [1819862 00]  LEVEL_A.STR;1 
----------   0    0    0         3448144 May 11 2005 [1820391 00]  LOADING.VIV;1 
d---------   0    0    0            1342 May 11 2005 [    319 02]  SOUND 
----------   0    0    0          733054 May 11 2005 [1841703 00]  STRINGS.VIV;1 

Directory listing of /MOH4/DATA/SHARED/MOVIES/LOC/
d---------   0    0    0             654 May 11 2005 [    304 02]  . 
d---------   0    0    0             938 May  3 2005 [    271 02]  .. 
----------   0    0    0            7788 Apr 28 2005 [ 980519 00]  BOBCINTR.LOC;1 
----------   0    0    0            7172 Apr 28 2005 [ 980523 00]  BOBMINTR.LOC;1 
----------   0    0    0           10624 Apr 28 2005 [ 980527 00]  GAMEOUTR.LOC;1 
----------   0    0    0           10924 Apr 30 2005 [ 980533 00]  NAFCINTR.LOC;1 
----------   0    0    0            3716 Apr 28 2005 [ 980539 00]  NAFMINTR.LOC;1 
----------   0    0    0            9968 Apr 28 2005 [ 980541 00]  RUSCINTR.LOC;1 
----------   0    0    0            5404 Apr 28 2005 [ 980546 00]  RUSMINTR.LOC;1 
----------   0    0    0           11180 Apr 28 2005 [ 980549 00]  STNCINTR.LOC;1 
----------   0    0    0           13004 Apr 28 2005 [ 980555 00]  STNMINTR.LOC;1 

Directory listing of /MOH4/DATA/SHARED/MOVIES/STF/
d---------   0    0    0             146 May 11 2005 [    305 02]  . 
d---------   0    0    0             938 May  3 2005 [    271 02]  .. 
d---------   0    0    0             654 May 11 2005 [    320 02]  US 

Directory listing of /MOH4/DATA/SHARED/UI/FE/
d---------   0    0    0             832 May 11 2005 [    306 02]  . 
d---------   0    0    0             146 May 11 2005 [    272 02]  .. 
----------   0    0    0          215440 Apr 26 2005 [1842061 00]  FECAMSE1.SSH;1 
----------   0    0    0          215440 Apr 26 2005 [1842167 00]  FECAMSE2.SSH;1 
----------   0    0    0          215440 Apr 26 2005 [1842273 00]  FECAMSE3.SSH;1 
----------   0    0    0          215440 Apr 26 2005 [1842379 00]  FECAMSE4.SSH;1 
----------   0    0    0          215440 Apr 26 2005 [1842485 00]  FEMISSE1.SSH;1 
----------   0    0    0          215440 Apr 26 2005 [1842591 00]  FEMISSE2.SSH;1 
----------   0    0    0          215440 Apr 26 2005 [1842697 00]  FEMISSE3.SSH;1 
----------   0    0    0          215440 Apr 26 2005 [1842803 00]  FEMISSE4.SSH;1 
----------   0    0    0        61426672 May 11 2005 [1842909 00]  MOHFE.VIV;1 
----------   0    0    0            9353 Apr 26 2005 [1872903 00]  MP_FE.XML;1 
----------   0    0    0           98304 May 11 2005 [1872908 00]  REALFONT.VIV;1 
----------   0    0    0          341952 May 11 2005 [1872956 00]  REALFTFE.VIV;1 

Directory listing of /MOH4/DATA/2/MPAUDIO/SOUND/
d---------   0    0    0            1840 May 11 2005 [    307 02]  . 
d---------   0    0    0             148 May 11 2005 [    291 02]  .. 
----------   0    0    0            4060 Apr 28 2005 [1226593 00]  AUDIO.BUS;1 
----------   0    0    0          310844 Apr 28 2005 [1226595 00]  AUDIO.UBR;1 
----------   0    0    0             204 Apr 28 2005 [1226747 00]  AUDIOFX0.FX;1 
----------   0    0    0         1069104 Apr 28 2005 [1226748 00]  L1.ABK;1 
----------   0    0    0         1298848 Apr 28 2005 [1227271 00]  L10.ABK;1 
----------   0    0    0         1051408 Apr 28 2005 [1227906 00]  L11.ABK;1 
----------   0    0    0          729216 Apr 28 2005 [1228420 00]  L12.ABK;1 
----------   0    0    0         1270384 Apr 28 2005 [1228777 00]  L13.ABK;1 
----------   0    0    0         1280560 Apr 28 2005 [1229398 00]  L14.ABK;1 
----------   0    0    0           27328 Apr 28 2005 [1230024 00]  L15.ABK;1 
----------   0    0    0         1214304 Apr 28 2005 [1230038 00]  L16.ABK;1 
----------   0    0    0             112 Apr 28 2005 [1230631 00]  L17.ABK;1 
----------   0    0    0             112 Apr 28 2005 [1230632 00]  L18.ABK;1 
----------   0    0    0             112 Apr 28 2005 [1230633 00]  L19.ABK;1 
----------   0    0    0         1168672 Apr 28 2005 [1230634 00]  L2.ABK;1 
----------   0    0    0             112 Apr 28 2005 [1231205 00]  L20.ABK;1 
----------   0    0    0             112 Apr 28 2005 [1231206 00]  L21.ABK;1 
----------   0    0    0             112 Apr 28 2005 [1231207 00]  L22.ABK;1 
----------   0    0    0             112 Apr 28 2005 [1231208 00]  L23.ABK;1 
----------   0    0    0             112 Apr 28 2005 [1231209 00]  L24.ABK;1 
----------   0    0    0             112 Apr 28 2005 [1231210 00]  L26.ABK;1 
----------   0    0    0             112 Apr 28 2005 [1231211 00]  L27.ABK;1 
----------   0    0    0          952640 Apr 28 2005 [1231212 00]  L3.ABK;1 
----------   0    0    0         1268112 Apr 28 2005 [1231678 00]  L4.ABK;1 
----------   0    0    0         1270784 Apr 28 2005 [1232298 00]  L5.ABK;1 
----------   0    0    0         1098800 Apr 28 2005 [1232919 00]  L6.ABK;1 
----------   0    0    0          939968 Apr 28 2005 [1233456 00]  L7.ABK;1 
----------   0    0    0         1271600 Apr 28 2005 [1233915 00]  L8.ABK;1 
----------   0    0    0         1088928 Apr 28 2005 [1234536 00]  L9.ABK;1 
----------   0    0    0         2146672 Apr 28 2005 [1235068 00]  SCR.ABK;1 
----------   0    0    0       146139648 Apr 28 2005 [1236117 00]  STR.AST;1 

Directory listing of /MOH4/DATA/1/1_1/SOUND/
d---------   0    0    0             562 May 11 2005 [    308 02]  . 
d---------   0    0    0             390 May 11 2005 [    292 02]  .. 
----------   0    0    0            5628 May  2 2005 [1312436 00]  AUDIO.BUS;1 
----------   0    0    0          107252 May  2 2005 [1312439 00]  AUDIO.UBR;1 
----------   0    0    0             216 May  2 2005 [1312492 00]  AUDIOFX0.FX;1 
----------   0    0    0          301760 May  2 2005 [1312493 00]  L1.ABK;1 
----------   0    0    0            8408 May  2 2005 [1312641 00]  MUS_CTRL.MPF;1 
----------   0    0    0         8097280 May  2 2005 [1312646 00]  MUS_STR.MUS;1 
----------   0    0    0         3058752 May  2 2005 [1316600 00]  SCR.ABK;1 
----------   0    0    0        49764864 May  2 2005 [1318094 00]  STR.AST;1 

Directory listing of /MOH4/DATA/1/1_11/SOUND/
d---------   0    0    0             842 May 11 2005 [    309 02]  . 
d---------   0    0    0             390 May 11 2005 [    293 02]  .. 
----------   0    0    0            7476 May  5 2005 [1349263 00]  AUDIO.BUS;1 
----------   0    0    0          113080 May  5 2005 [1349267 00]  AUDIO.UBR;1 
----------   0    0    0             216 May  5 2005 [1349323 00]  AUDIOFX0.FX;1 
----------   0    0    0          128400 May  5 2005 [1349324 00]  L1.ABK;1 
----------   0    0    0          253056 May  5 2005 [1349387 00]  L2.ABK;1 
----------   0    0    0          119424 May  5 2005 [1349511 00]  L3.ABK;1 
----------   0    0    0          224608 May  5 2005 [1349570 00]  L4.ABK;1 
----------   0    0    0           10944 May  5 2005 [1349680 00]  L5.ABK;1 
----------   0    0    0          106224 May  5 2005 [1349686 00]  L6.ABK;1 
----------   0    0    0            9140 May  5 2005 [1349738 00]  MUS_CTRL.MPF;1 
----------   0    0    0        13267200 May  5 2005 [1349743 00]  MUS_STR.MUS;1 
----------   0    0    0         3039088 May  5 2005 [1356222 00]  SCR.ABK;1 
----------   0    0    0        41983616 May  5 2005 [1357706 00]  STR.AST;1 

Directory listing of /MOH4/DATA/1/1_15/SOUND/
d---------   0    0    0             842 May 11 2005 [    310 02]  . 
d---------   0    0    0             390 May 11 2005 [    294 02]  .. 
----------   0    0    0            5908 May  5 2005 [1385138 00]  AUDIO.BUS;1 
----------   0    0    0          111884 May  5 2005 [1385141 00]  AUDIO.UBR;1 
----------   0    0    0             216 May  5 2005 [1385196 00]  AUDIOFX0.FX;1 
----------   0    0    0          292768 May  5 2005 [1385197 00]  L1.ABK;1 
----------   0    0    0          302896 May  5 2005 [1385340 00]  L2.ABK;1 
----------   0    0    0          323200 May  5 2005 [1385488 00]  L3.ABK;1 
----------   0    0    0           95712 May  5 2005 [1385646 00]  L4.ABK;1 
----------   0    0    0           96912 May  5 2005 [1385693 00]  L5.ABK;1 
----------   0    0    0           88224 May  5 2005 [1385741 00]  L6.ABK;1 
----------   0    0    0           10136 May  5 2005 [1385785 00]  MUS_CTRL.MPF;1 
----------   0    0    0        17762304 May  5 2005 [1385790 00]  MUS_STR.MUS;1 
----------   0    0    0         3002336 May  5 2005 [1394463 00]  SCR.ABK;1 
----------   0    0    0        36254720 May  5 2005 [1395929 00]  STR.AST;1 

Directory listing of /MOH4/DATA/1/1_2/SOUND/
d---------   0    0    0             842 May 11 2005 [    311 02]  . 
d---------   0    0    0             390 May 11 2005 [    295 02]  .. 
----------   0    0    0            8204 May  2 2005 [1420011 00]  AUDIO.BUS;1 
----------   0    0    0          135248 May  2 2005 [1420016 00]  AUDIO.UBR;1 
----------   0    0    0             204 May  2 2005 [1420083 00]  AUDIOFX0.FX;1 
----------   0    0    0          305056 May  2 2005 [1420084 00]  L1.ABK;1 
----------   0    0    0          415472 May  2 2005 [1420233 00]  L2.ABK;1 
----------   0    0    0          439472 May  2 2005 [1420436 00]  L3.ABK;1 
----------   0    0    0          499968 May  2 2005 [1420651 00]  L4.ABK;1 
----------   0    0    0          288880 May  2 2005 [1420896 00]  L5.ABK;1 
----------   0    0    0          400352 May  2 2005 [1421038 00]  L6.ABK;1 
----------   0    0    0            9736 May  2 2005 [1421234 00]  MUS_CTRL.MPF;1 
----------   0    0    0        13953920 May  2 2005 [1421239 00]  MUS_STR.MUS;1 
----------   0    0    0         2823904 May  2 2005 [1428053 00]  SCR.ABK;1 
----------   0    0    0       118166912 May  2 2005 [1429432 00]  STR.AST;1 

Directory listing of /MOH4/DATA/1/1_21/SOUND/
d---------   0    0    0             786 May 11 2005 [    312 02]  . 
d---------   0    0    0             390 May 11 2005 [    296 02]  .. 
----------   0    0    0            8260 May 11 2005 [1494356 00]  AUDIO.BUS;1 
----------   0    0    0          118124 May 11 2005 [1494361 00]  AUDIO.UBR;1 
----------   0    0    0             216 May 11 2005 [1494419 00]  AUDIOFX0.FX;1 
----------   0    0    0          309456 May 11 2005 [1494420 00]  L1.ABK;1 
----------   0    0    0          378416 May 11 2005 [1494572 00]  L2.ABK;1 
----------   0    0    0          276032 May 11 2005 [1494757 00]  L3.ABK;1 
----------   0    0    0          242736 May 11 2005 [1494892 00]  L4.ABK;1 
----------   0    0    0          198576 May 11 2005 [1495011 00]  L5.ABK;1 
----------   0    0    0           14520 May 11 2005 [1495108 00]  MUS_CTRL.MPF;1 
----------   0    0    0        44010496 May 11 2005 [1495116 00]  MUS_STR.MUS;1 
----------   0    0    0         2931008 May 11 2005 [1516606 00]  SCR.ABK;1 
----------   0    0    0        14147840 May 11 2005 [1518038 00]  STR.AST;1 

Directory listing of /MOH4/DATA/1/1_22/SOUND/
d---------   0    0    0             730 May 11 2005 [    313 02]  . 
d---------   0    0    0             390 May 11 2005 [    297 02]  .. 
----------   0    0    0            7196 May  5 2005 [1531717 00]  AUDIO.BUS;1 
----------   0    0    0          117496 May  5 2005 [1531721 00]  AUDIO.UBR;1 
----------   0    0    0             216 May  5 2005 [1531779 00]  AUDIOFX0.FX;1 
----------   0    0    0          132800 May  5 2005 [1531780 00]  L1.ABK;1 
----------   0    0    0          312784 May  5 2005 [1531845 00]  L2.ABK;1 
----------   0    0    0          294080 May  5 2005 [1531998 00]  L3.ABK;1 
----------   0    0    0          403936 May  5 2005 [1532142 00]  L4.ABK;1 
----------   0    0    0           14520 May  5 2005 [1532340 00]  MUS_CTRL.MPF;1 
----------   0    0    0        44010496 May  5 2005 [1532348 00]  MUS_STR.MUS;1 
----------   0    0    0         2956448 May  5 2005 [1553838 00]  SCR.ABK;1 
----------   0    0    0        20750208 May  5 2005 [1555282 00]  STR.AST;1 

Directory listing of /MOH4/DATA/1/1_24/SOUND/
d---------   0    0    0             730 May 11 2005 [    314 02]  . 
d---------   0    0    0             390 May 11 2005 [    298 02]  .. 
----------   0    0    0            9380 May 11 2005 [1573101 00]  AUDIO.BUS;1 
----------   0    0    0          110608 May 11 2005 [1573106 00]  AUDIO.UBR;1 
----------   0    0    0             204 May 11 2005 [1573161 00]  AUDIOFX0.FX;1 
----------   0    0    0          318960 May 11 2005 [1573162 00]  L1.ABK;1 
----------   0    0    0          253552 May 11 2005 [1573318 00]  L2.ABK;1 
----------   0    0    0          238768 May 11 2005 [1573442 00]  L3.ABK;1 
----------   0    0    0          343760 May 11 2005 [1573559 00]  L4.ABK;1 
----------   0    0    0           14708 May 11 2005 [1573727 00]  MUS_CTRL.MPF;1 
----------   0    0    0        44906112 May 11 2005 [1573735 00]  MUS_STR.MUS;1 
----------   0    0    0         2812784 May 11 2005 [1595662 00]  SCR.ABK;1 
----------   0    0    0        11666944 May 11 2005 [1597036 00]  STR.AST;1 

Directory listing of /MOH4/DATA/1/1_4/SOUND/
d---------   0    0    0             842 May 11 2005 [    315 02]  . 
d---------   0    0    0             390 May 11 2005 [    299 02]  .. 
----------   0    0    0            7448 May  2 2005 [1608885 00]  AUDIO.BUS;1 
----------   0    0    0          125776 May  2 2005 [1608889 00]  AUDIO.UBR;1 
----------   0    0    0             140 May  2 2005 [1608951 00]  AUDIOFX0.FX;1 
----------   0    0    0          515968 May  2 2005 [1608952 00]  L1.ABK;1 
----------   0    0    0          386688 May  2 2005 [1609204 00]  L2.ABK;1 
----------   0    0    0          306336 May  2 2005 [1609393 00]  L3.ABK;1 
----------   0    0    0          358608 May  2 2005 [1609543 00]  L4.ABK;1 
----------   0    0    0          260256 May  2 2005 [1609719 00]  L5.ABK;1 
----------   0    0    0          326784 May  2 2005 [1609847 00]  L6.ABK;1 
----------   0    0    0            9352 May  2 2005 [1610007 00]  MUS_CTRL.MPF;1 
----------   0    0    0        14146944 May  2 2005 [1610012 00]  MUS_STR.MUS;1 
----------   0    0    0         2806208 May  2 2005 [1616920 00]  SCR.ABK;1 
----------   0    0    0        93154432 May  2 2005 [1618291 00]  STR.AST;1 

Directory listing of /MOH4/DATA/1/1_5/SOUND/
d---------   0    0    0             786 May 11 2005 [    316 02]  . 
d---------   0    0    0             390 May 11 2005 [    300 02]  .. 
----------   0    0    0            9548 May 11 2005 [1669868 00]  AUDIO.BUS;1 
----------   0    0    0          122384 May 11 2005 [1669873 00]  AUDIO.UBR;1 
----------   0    0    0             216 May 11 2005 [1669933 00]  AUDIOFX0.FX;1 
----------   0    0    0          192032 May 11 2005 [1669934 00]  L1.ABK;1 
----------   0    0    0            6048 May 11 2005 [1670028 00]  L2.ABK;1 
----------   0    0    0          201168 May 11 2005 [1670031 00]  L3.ABK;1 
----------   0    0    0          318336 May 11 2005 [1670130 00]  L4.ABK;1 
----------   0    0    0          290768 May 11 2005 [1670286 00]  L6.ABK;1 
----------   0    0    0            9340 May 11 2005 [1670428 00]  MUS_CTRL.MPF;1 
----------   0    0    0        12204288 May 11 2005 [1670433 00]  MUS_STR.MUS;1 
----------   0    0    0         3038080 May 11 2005 [1676393 00]  SCR.ABK;1 
----------   0    0    0        73244160 May 11 2005 [1677877 00]  STR.AST;1 

Directory listing of /MOH4/DATA/1/1_8/SOUND/
d---------   0    0    0             898 May 11 2005 [    317 02]  . 
d---------   0    0    0             390 May 11 2005 [    301 02]  .. 
----------   0    0    0            9128 May  5 2005 [1720418 00]  AUDIO.BUS;1 
----------   0    0    0          166408 May  5 2005 [1720423 00]  AUDIO.UBR;1 
----------   0    0    0             204 May  5 2005 [1720505 00]  AUDIOFX0.FX;1 
----------   0    0    0          365488 May  5 2005 [1720506 00]  L1.ABK;1 
----------   0    0    0           26176 May  5 2005 [1720685 00]  L2.ABK;1 
----------   0    0    0           26176 May  5 2005 [1720698 00]  L4.ABK;1 
----------   0    0    0          333888 May  5 2005 [1720711 00]  L5.ABK;1 
----------   0    0    0          324496 May  5 2005 [1720875 00]  L6.ABK;1 
----------   0    0    0          383376 May  5 2005 [1721034 00]  L7.ABK;1 
----------   0    0    0          281056 May  5 2005 [1721222 00]  L8.ABK;1 
----------   0    0    0           11268 May  5 2005 [1721360 00]  MUS_CTRL.MPF;1 
----------   0    0    0        23130368 May  5 2005 [1721366 00]  MUS_STR.MUS;1 
----------   0    0    0         2945232 May  5 2005 [1732661 00]  SCR.ABK;1 
----------   0    0    0        98229248 May  5 2005 [1734100 00]  STR.AST;1 

Directory listing of /MOH4/DATA/1/1_9/SOUND/
d---------   0    0    0             670 May 11 2005 [    318 02]  . 
d---------   0    0    0             390 May 11 2005 [    302 02]  .. 
----------   0    0    0           14504 May 11 2005 [1788541 00]  AUDIO.BUS;1 
----------   0    0    0          134488 May 11 2005 [1788549 00]  AUDIO.UBR;1 
----------   0    0    0          897664 May 11 2005 [1788615 00]  L1.ABK;1 
----------   0    0    0          820928 May 11 2005 [1789054 00]  L2.ABK;1 
----------   0    0    0          549552 May 11 2005 [1789455 00]  L3.ABK;1 
----------   0    0    0          619872 May 11 2005 [1789724 00]  L4.ABK;1 
----------   0    0    0            8784 May 11 2005 [1790027 00]  MUS_CTRL.MPF;1 
----------   0    0    0        11758848 May 11 2005 [1790032 00]  MUS_STR.MUS;1 
----------   0    0    0         2422784 May 11 2005 [1795774 00]  SCR.ABK;1 
----------   0    0    0        46676352 May 11 2005 [1796957 00]  STR.AST;1 

Directory listing of /MOH4/DATA/1/1_99/SOUND/
d---------   0    0    0            1342 May 11 2005 [    319 02]  . 
d---------   0    0    0             390 May 11 2005 [    303 02]  .. 
----------   0    0    0            2664 May  5 2005 [1822075 00]  AUDIO.BUS;1 
----------   0    0    0            3044 May  5 2005 [1822077 00]  AUDIO.UBR;1 
----------   0    0    0           27904 May  5 2005 [1822079 00]  L1.ABK;1 
----------   0    0    0          700480 May  5 2005 [1822093 00]  L10.ABK;1 
----------   0    0    0          626224 May  5 2005 [1822436 00]  L11.ABK;1 
----------   0    0    0          996544 May  5 2005 [1822742 00]  L12.ABK;1 
----------   0    0    0          570928 May  5 2005 [1823229 00]  L13.ABK;1 
----------   0    0    0         1030768 May  5 2005 [1823508 00]  L14.ABK;1 
----------   0    0    0         1045104 May  5 2005 [1824012 00]  L15.ABK;1 
----------   0    0    0          323472 May  5 2005 [1824523 00]  L16.ABK;1 
----------   0    0    0          425008 May  5 2005 [1824681 00]  L2.ABK;1 
----------   0    0    0          535600 May  5 2005 [1824889 00]  L3.ABK;1 
----------   0    0    0          814960 May  5 2005 [1825151 00]  L4.ABK;1 
----------   0    0    0          780320 May  5 2005 [1825549 00]  L5.ABK;1 
----------   0    0    0          913712 May  5 2005 [1825931 00]  L6.ABK;1 
----------   0    0    0          604000 May  5 2005 [1826378 00]  L7.ABK;1 
----------   0    0    0          599536 May  5 2005 [1826673 00]  L8.ABK;1 
----------   0    0    0          413920 May  5 2005 [1826966 00]  L9.ABK;1 
----------   0    0    0            2840 May  5 2005 [1827169 00]  MUS_CTRL.MPF;1 
----------   0    0    0        20090368 May  5 2005 [1827171 00]  MUS_STR.MUS;1 
----------   0    0    0         1092256 May  5 2005 [1836981 00]  SCR.ABK;1 
----------   0    0    0         8575744 May  5 2005 [1837515 00]  STR.AST;1 

Directory listing of /MOH4/DATA/SHARED/MOVIES/STF/US/
d---------   0    0    0             654 May 11 2005 [    320 02]  . 
d---------   0    0    0             146 May 11 2005 [    305 02]  .. 
----------   0    0    0             583 Apr 28 2005 [ 980562 00]  BOBCINTR.STF;1 
----------   0    0    0             435 Apr 28 2005 [ 980563 00]  BOBMINTR.STF;1 
----------   0    0    0            1174 Apr 28 2005 [ 980564 00]  GAMEOUTR.STF;1 
----------   0    0    0             587 Apr 28 2005 [ 980565 00]  NAFCINTR.STF;1 
----------   0    0    0             353 Apr 28 2005 [ 980566 00]  NAFMINTR.STF;1 
----------   0    0    0             565 Apr 28 2005 [ 980567 00]  RUSCINTR.STF;1 
----------   0    0    0             523 Apr 28 2005 [ 980568 00]  RUSMINTR.STF;1 
----------   0    0    0             553 Apr 28 2005 [ 980569 00]  STNCINTR.STF;1 
----------   0    0    0            1021 Apr 28 2005 [ 980570 00]  STNMINTR.STF;1 
